60
21
111111111111111111111111111111111111111111111111111111111111
100000000000000000000000000000000000000000000000000000000001
100000000000000000000000000000000000000000000000000000000001
100000000000000400000000000000000000000400000000000000000001
100000000000000000000000000000000000000000000000000000000001
100000000000000000000000000000000000000000000000000000000001
100000000000000000000000000000000000000000000000000000000001
100000000000000000000000000000000000000000000000000000000001
100000000000000000000000000000000000000000000000000000000001
100000000000000000000000000000000000000000000000000000000001
100000000000000000000000000000000000000000000000000000000001
100000000000000000000000000000000000000000000000000000000001
100000000000000000000000000000000000000000000000000000000001
100000000000000000000000000000000000000000000000000000000001
100000000000000000000000000000000000000000000000000000000001
100000000000000000000000000000000000000000000000000000000001
100000000000000000000000000000000000000000000000000000000001
100000000000000000000000000000000000000000000000000000000001
100000000000000000000000000000000000000000000000000000000001
100000000000000000000000000000000000000000000000000000000001
000000000000000000000000000000000000000000000000000000000000
